      92    0.000    0.000      0.0       0.
      93    0.000    0.000      0.0       0.
      94    0.000    0.000      0.0       0.
      95    0.000    0.000      0.0       0.
      96    0.000    0.000      0.0       0.
      97    0.000    0.000      0.0       0.
      98    0.000    0.000      0.0       0.
      99    0.000    0.000      0.0       0.
     100    0.000    0.000      0.0       0.
     101    0.000    0.000      0.0       0.
     102    0.000    0.000      0.0       0.
     103    0.000    0.000      0.0       0.
     104    0.000    0.000      0.0       0.
     105    0.000    0.000      0.0       0.
     106    0.500    0.002      1.4       0.
     107    0.811    0.006      3.7       0.
     108    1.784    0.011      6.5       0.
     109    2.628    0.015      9.2       0.
     110    3.264    0.017     10.2       0.
     111    3.527    0.020     12.1       0.
     112    3.876    0.026     16.2       0.
     113    4.360    0.035     22.2       0.
     114    5.091    0.047     31.7       0.
     115    5.887    0.060     43.4       0.
     116    6.865    0.074     56.3       0.
     117    7.996    0.092     73.2       0.
     118    9.239    0.109     92.7       0.
     119   10.256    0.121    117.3       0.
     120   10.905    0.142    144.2       0.
     121   11.939    0.152    171.1       0.
     122   12.485    0.158    190.5       0.
     123   12.878    0.164    216.3       0.
     124   13.319    0.178    255.0       0.
     125   13.959    0.197    296.6       0.
     126   14.737    0.210    342.2       0.
     127   15.369    0.231    395.3       0.
     128   16.246    0.257    452.3       0.
     129   17.341    0.283    507.7       0.
     130   18.422    0.312    578.2       0.
     131   19.351    0.350    656.0       0.
     132   20.457    0.402    724.5       0.
     133   21.938    0.460    800.0       0.
     134   23.237    0.519    884.2       0.
     135   24.448    0.556    912.3       0.
     136   25.476    0.638   1013.5       0.
     137   26.770    0.714   1144.2       0.
     138   27.986    0.815   1295.8       0.
     139   29.587    0.882   1456.5       0.
     140   31.144    0.941   1635.5       0.
     141   32.520    0.989   1830.3       0.
     142   33.633    1.076   2033.9       0.
     143   35.438    1.177   2249.4       0.
     144   37.393    1.279   2473.4       0.
     145   39.661    1.384   2688.6       0.
     146   41.871    1.484   2803.7       0.
     147   43.817    1.597   3008.8       0.
     148   45.735    1.710   3255.1       0.
     149   47.609    1.792   3509.8       0.
     150   48.968    1.886   3795.9       0.
     151   50.800    1.866   4097.3       0.
     152   53.552    1.841   4360.0       0.
     153   56.855    1.820   4622.2       0.
     154   59.534    1.810   4856.7       0.
     155   60.939    1.798   5142.4       0.
     156   62.509    1.785   5278.8       0.
     157   64.277    1.769   5583.9       0.
     158   66.356    1.748   5887.7       0.
     159   69.202    1.724   6186.7       0.
     160   72.364    1.700   6481.8       0.
     161   75.415    1.685   6742.8       0.
     162   77.606    1.671   6971.2       0.
     163   79.670    1.663   7143.5       0.
     164   80.882    1.654   7360.8       0.
     165   82.181    1.642   7684.7       0.
     166   83.989    1.628   8014.8       6.
     167   85.978    1.612   8343.1      73.
     168   88.333    1.596   8629.6     214.
     169   90.732    1.582   8944.6     384.
     170   92.683    1.569   9266.9     593.
     171   94.596    1.552   9579.3     945.
     172   97.131    1.534   9870.8    1398.
     173   99.778    1.515  10123.7    1975.
     174  100.000    1.510  10301.9    2596.
     175  100.000    1.502  10445.6    3191.
     176  100.000    1.491  10539.3    3643.
     177  100.000    1.478  10587.4    4096.
     178  100.000    1.463  10661.2    4693.
     179  100.000    1.447  10734.4    5228.
     180  100.000    1.430  10794.0    5814.
     181  100.000    1.412  10839.9    6429.
     182  100.000    1.351  10880.6    6586.
     183  100.000    1.292  10913.9    6639.
     184  100.000    1.236  10946.9    6692.
     185  100.000    1.182  10962.9    6726.
     186  100.000    1.131  10991.4    6772.
     187  100.000    1.082  11018.5    6816.
     188  100.000    1.035  11031.8    6845.
     189  100.000    0.991  11064.8    6893.
     190  100.000    0.948  11078.1    6921.
     191  100.000    0.907  11116.8    6974.
     192  100.000    0.868  11140.7    7011.
     193  100.000    0.830  11170.1    7053.
     194  100.000    0.794  11194.6    7090.
     195  100.000    0.759  11212.3    7120.
     196  100.000    0.723  11226.5    7145.
     197  100.000    0.656  11248.3    7179.
     198  100.000    0.562  11261.7    7214.
     199  100.000    0.441  11278.0    7261.
     200  100.000    0.296  11287.0    7309.
     201  100.000    0.126  11294.1    7364.
     202  100.000    0.000  11297.1    7422.
     203  100.000    0.000  11297.1    7463.
     204  100.000    0.000  11297.1    7463.
     205  100.000    0.000  11297.2    7463.
     206  100.000    0.000  11297.2    7463.
     207  100.000    0.000  11297.2    7463.
     208  100.000    0.000  11297.2    7463.
     209  100.000    0.000  11297.2    7463.
     210  100.000    0.000  11297.2    7463.
     211  100.000    0.000  11297.2    7463.
     212  100.000    0.000  11297.2    7463.
     213  100.000    0.000  11297.2    7463.
     214  100.000    0.000  11297.2    7463.
     215  100.000    0.000  11297.2    7463.
     216  100.000    0.000  11297.2    7463.
     217  100.000    0.000  11297.2    7463.
     218  100.000    0.000  11297.2    7463.
     219  100.000    0.000  11297.2    7463.
     220  100.000    0.000  11297.2    7463.
     221  100.000    0.000  11297.2    7463.
     222  100.000    0.000  11297.2    7463.
     223  100.000    0.000  11297.2    7463.
     224  100.000    0.000  11297.2    7463.
     225  100.000    0.000  11297.2    7463.
     119    0.000    0.000      0.0       0.
     120    0.000    0.000      0.0       0.
     121    0.000    0.000      0.0       0.
     122    0.000    0.000      0.0       0.
     123    0.000    0.000      0.0       0.
     124    0.000    0.000      0.0       0.
     125    0.000    0.000      0.0       0.
     126    0.000    0.000      0.0       0.
     127    0.000    0.000      0.0       0.
     128    0.000    0.000      0.0       0.
     129    0.000    0.000      0.0       0.
     130    0.000    0.000      0.0       0.
     131    0.000    0.000      0.0       0.
     132    0.000    0.000      0.0       0.
     133    0.000    0.000      0.0       0.
     134    0.000    0.000      0.0       0.
     135    0.000    0.000      0.0       0.
     136    0.000    0.000      0.0       0.
     137    0.000    0.000      0.0       0.
     138    0.000    0.000      0.0       0.
     139    0.000    0.000      0.0       0.
     140    0.500    0.014     10.5       0.
     141    0.500    0.017     12.4       0.
     142    0.500    0.022     15.5       0.
     143    0.500    0.027     18.5       0.
     144    0.500    0.036     24.6       0.
     145    0.500    0.056     37.4       0.
     146    0.500    0.087     57.9       0.
     147    0.500    0.140     92.1       0.
     148    0.500    0.181    118.5       0.
     149    0.500    0.234    152.8       0.
     150    0.500    0.307    200.3       0.
     151    0.500    0.395    257.4       0.
     152    0.500    0.456    297.1       0.
     153    0.500    0.570    371.3       0.
     154    0.500    0.741    482.0       0.
     155    0.500    0.958    622.9       0.
     156    0.500    1.231    800.4       0.
     157    0.500    1.569   1019.6       0.
     158    0.500    1.925   1251.4       0.
     159    0.500    2.170   1411.0       0.
     160    0.500    2.318   1507.5       0.
     161    0.500    2.506   1630.7       0.
     162    0.500    2.975   1935.9       0.
     163    0.500    3.531   2297.7       0.
     164    0.500    4.127   2686.0       0.
     165    0.500    4.727   3077.2       0.
     166    0.500    5.352   3485.0       0.
     167    0.500    5.997   3906.5       0.
     168    0.500    6.543   4264.2       0.
     169    0.500    6.920   4513.1       0.
     170    0.500    7.603   4960.5       0.
     171    0.500    8.085   5278.0       0.
     172    0.500    8.584   5607.3       0.
     173    0.500    9.053   5918.5       0.
     174    0.500    9.693   6340.6       0.
     175    0.500    9.352   6244.5       3.
     176    0.500    9.050   6164.9       8.
     177    0.500    8.784   6111.9      25.
     178    0.500    8.548   6078.3      51.
     179    0.500    8.337   6064.4      88.
     180    0.500    8.148   6066.8     133.
     181    0.500    7.978   6084.4     186.
     182    0.500    7.824   6117.4     248.
     183    0.500    7.684   6165.9     320.
     184    0.500    7.549   6202.2     382.
     185    0.500    7.434   6266.4     460.
     186    0.500    7.330   6340.4     545.
     187    0.500    7.234   6421.8     634.
     188    0.500    7.126   6468.7     699.
     189    0.500    7.048   6558.7     791.
     190    0.500    6.976   6657.5     888.
     191    0.500    6.910   6776.7    1004.
     192    0.500    6.843   6891.9    1118.
     193    0.500    6.752   6946.8    1188.
     194    0.500    6.673   7006.3    1258.
     195    0.500    6.592   7040.4    1305.
     196    0.500    6.537   7097.0    1359.
     197    0.500    6.505   7183.3    1430.
     198    0.500    6.469   7295.5    1529.
     199    0.500    6.441   7463.4    1680.
     200    0.500    6.415   7642.3    1840.
     201    0.500    6.391   7831.2    2010.
     202    0.500    6.369   8020.8    2180.
     203    0.500    6.348   8210.9    2350.
     204    0.500    6.329   8388.5    2507.
     205    0.500    6.309   8558.1    2657.
     206    0.500    6.274   8686.4    2775.
     207    0.500    6.260   8878.9    2945.
     208    0.500    6.247   9071.8    3115.
     209    0.500    6.235   9265.0    3285.
     210    0.500    6.223   9450.6    3447.
     211    0.500    6.212   9644.4    3617.
     212    0.500    6.202   9838.5    3787.
     213    0.500    6.193  10032.8    3957.
     214    0.500    6.185  10227.4    4127.
     215    0.500    6.176  10422.2    4297.
     216    0.500    6.169  10617.2    4467.
     217    0.500    6.162  10812.3    4637.
     218    0.500    6.153  11006.3    4807.
     219    0.500    6.142  11198.8    4977.
     220    0.500    6.125  11386.9    5147.
     221    0.500    6.108  11574.6    5317.
     222    0.500    6.105  11771.2    5487.
     223    0.500    6.102  11968.0    5657.
     224    0.500    6.099  12164.8    5827.
     225    0.500    6.097  12361.7    5997.
     226    0.500    6.095  12553.2    6162.
     227    0.500    6.093  12750.1    6332.
     228    0.500    6.091  12947.2    6502.
     229    0.500    6.089  13144.3    6672.
     230    0.500    6.087  13341.4    6842.
     231    0.500    6.085  13523.2    6997.
     232    0.500    6.084  13720.4    7167.
     233    0.500    6.070  13897.2    7324.
     234    0.500    6.055  14081.0    7490.
     235    0.500    6.050  14266.0    7650.
     236    0.500    6.051  14464.0    7820.
     237    0.500    6.052  14654.8    7983.
     238    0.500    6.053  14846.8    8147.
     239    0.500    6.053  15040.0    8312.
     240    0.500    6.054  15234.5    8478.
     241    0.500    6.054  15430.3    8646.
     242    0.500    6.055  15627.3    8815.
     243    0.500    6.055  15825.2    8985.
     244    0.500    6.056  16023.2    9155.
     245    0.500    6.056  16221.1    9325.
     246    0.500    6.056  16419.0    9495.
     247    0.500    6.057  16616.9    9665.
     248    0.500    6.057  16814.8    9835.
     249    0.500    6.057  17012.2   10005.
     250    0.500    6.033  17172.6   10154.
     251    0.500    6.012  17338.2   10305.
     252    0.500    5.994  17507.8   10460.
     253    0.500    5.994  17507.8   10460.
      90    0.000    0.000      0.0       0.
      91    0.000    0.000      0.0       0.
      92    0.000    0.000      0.0       0.
      93    0.000    0.000      0.0       0.
      94    0.000    0.000      0.0       0.
      95    0.000    0.000      0.0       0.
      96    0.000    0.000      0.0       0.
      97    0.000    0.000      0.0       0.
      98    0.000    0.000      0.0       0.
      99    0.000    0.000      0.0       0.
     100    0.500    0.003      1.7       0.
     101    1.524    0.006      3.9       0.
     102    3.049    0.008      6.1       0.
     103    4.819    0.011      8.9       0.
     104    5.959    0.012      9.6       0.
     105    6.352    0.015     11.8       0.
     106    7.095    0.018     14.1       0.
     107    7.880    0.021     16.0       0.
     108    8.651    0.024     19.2       0.
     109    9.313    0.028     23.1       0.
     110   10.180    0.031     27.4       0.
     111   11.295    0.033     30.4       0.
     112   12.792    0.039     34.4       0.
     113   13.732    0.047     41.3       0.
     114   14.930    0.052     48.6       0.
     115   16.330    0.055     50.3       0.
     116   16.780    0.059     56.0       0.
     117   17.317    0.070     67.2       0.
     118   18.194    0.087     80.5       0.
     119   19.388    0.096     89.2       0.
     120   20.100    0.102     99.8       0.
     121   20.732    0.118    118.1       0.
     122   21.770    0.134    138.8       0.
     123   22.816    0.149    150.7       0.
     124   23.830    0.163    164.9       0.
     125   24.642    0.173    188.6       0.
     126   25.246    0.189    215.5       0.
     127   25.883    0.210    254.4       0.
     128   26.613    0.223    268.4       0.
     129   27.188    0.237    293.2       0.
     130   27.805    0.266    346.9       0.
     131   28.657    0.298    394.7       0.
     132   29.594    0.341    444.0       0.
     133   30.747    0.381    528.8       0.
     134   31.722    0.432    597.3       0.
     135   32.960    0.490    697.9       0.
     136   34.357    0.524    811.9       0.
     137   35.216    0.547    911.1       0.
     138   35.909    0.558    985.2       0.
     139   36.414    0.570   1061.9       0.
     140   36.913    0.616   1194.8       0.
     141   37.844    0.681   1319.5       0.
     142   39.177    0.758   1470.3       0.
     143   40.762    0.845   1635.6       0.
     144   42.524    0.936   1770.7       0.
     145   44.249    1.034   1909.4       0.
     146   45.979    1.129   2083.2       0.
     147   47.651    1.227   2308.5       0.
     148   49.359    1.315   2510.4       0.
     149   51.727    1.302   2696.9       0.
     150   54.242    1.290   2897.1       0.
     151   56.440    1.280   3073.2       0.
     152   58.317    1.271   3226.4       0.
     153   60.097    1.261   3315.0       0.
     154   61.861    1.242   3370.6       0.
     155   63.522    1.227   3434.2       0.
     156   65.190    1.207   3486.6       0.
     157   67.055    1.187   3537.6       0.
     158   68.792    1.177   3777.0       0.
     159   70.724    1.167   4010.9       0.
     160   72.643    1.155   4259.2       0.
     161   74.845    1.145   4505.9       0.
     162   76.459    1.138   4758.4       0.
     163   77.921    1.132   5013.4       0.
     164   79.388    1.124   5223.0       0.
     165   80.983    1.117   5475.3       0.
     166   82.633    1.109   5710.1       0.
     167   84.298    1.101   5974.1       9.
     168   86.002    1.093   6242.9      49.
     169   87.789    1.084   6465.5     125.
     170   89.681    1.076   6694.3     236.
     171   91.559    1.070   6808.2     340.
     172   92.901    1.065   7071.5     424.
     173   94.007    1.060   7309.8     496.
     174   94.983    1.056   7562.5     580.
     175   95.982    1.051   7735.7     669.
     176   96.969    1.045   7998.2     823.
     177   98.219    1.039   8261.5    1031.
     178   99.665    1.031   8511.2    1307.
     179  100.000    1.031   8729.0    1603.
     180  100.000    1.029   8913.1    1917.
     181  100.000    1.025   9051.4    2240.
     182  100.000    1.019   9160.1    2528.
     183  100.000    1.011   9242.8    2803.
     184  100.000    1.002   9304.8    3069.
     185  100.000    0.991   9350.3    3346.
     186  100.000    0.980   9381.2    3630.
     187  100.000    0.968   9400.7    3912.
     188  100.000    0.956   9413.9    4226.
     189  100.000    0.943   9420.5    4527.
     190  100.000    0.930   9422.0    4835.
     191  100.000    0.917   9422.1    5176.
     192  100.000    0.904   9422.2    5518.
     193  100.000    0.890   9422.3    5868.
     194  100.000    0.877   9422.4    6194.
     195  100.000    0.864   9422.4    6501.
     196  100.000    0.825   9422.5    6806.
     197  100.000    0.787   9422.6    6821.
     198  100.000    0.752   9422.6    6835.
     199  100.000    0.719   9424.1    6849.
     200  100.000    0.687   9427.5    6865.
     201  100.000    0.658   9434.8    6884.
     202  100.000    0.595   9439.1    6899.
     203  100.000    0.497   9444.7    6928.
     204  100.000    0.364   9449.8    6969.
     205  100.000    0.196   9451.7    7020.
     206  100.000    0.000   9453.3    7084.
     207  100.000    0.000   9453.3    7157.
     208  100.000    0.000   9453.3    7157.
     209  100.000    0.000   9453.4    7157.
     210  100.000    0.000   9453.4    7157.
      92    0.000    0.000      0.0       0.
      93    0.000    0.000      0.0       0.
      94    0.000    0.000      0.0       0.
      95    0.000    0.000      0.0       0.
      96    0.000    0.000      0.0       0.
      97    0.000    0.000      0.0       0.
      98    0.500    0.001      0.9       0.
      99    0.500    0.003      1.8       0.
     100    0.940    0.005      2.7       0.
     101    1.291    0.007      4.2       0.
     102    1.822    0.011      7.1       0.
     103    2.683    0.014      8.7       0.
     104    3.064    0.015      9.8       0.
     105    3.265    0.019     12.0       0.
     106    3.618    0.023     16.3       0.
     107    4.385    0.030     21.6       0.
     108    5.271    0.034     25.1       0.
     109    5.656    0.035     25.9       0.
     110    5.829    0.035     26.7       0.
     111    5.985    0.042     30.6       0.
     112    6.487    0.056     41.4       0.
     113    7.181    0.070     50.7       0.
     114    8.096    0.074     53.3       0.
     115    8.628    0.091     68.6       0.
     116    9.441    0.109     90.9       0.
     117   10.364    0.127    111.8       0.
     118   11.237    0.133    124.2       0.
     119   11.671    0.140    145.9       0.
     120   12.126    0.155    170.3       0.
     121   12.784    0.168    205.5       0.
     122   13.408    0.185    245.3       0.
     123   14.138    0.205    285.6       0.
     124   14.993    0.224    326.1       0.
     125   15.791    0.251    363.2       0.
     126   16.940    0.274    411.4       0.
     127   17.898    0.294    447.2       0.
     128   18.668    0.319    502.5       0.
     129   19.483    0.343    536.2       0.
     130   20.171    0.358    585.9       0.
     131   20.719    0.371    599.1       0.
     132   21.198    0.401    640.8       0.
     133   21.937    0.437    736.4       0.
     134   22.771    0.485    833.1       0.
     135   23.793    0.531    883.2       0.
     136   24.692    0.546    896.3       0.
     137   25.577    0.608   1002.6       0.
     138   26.592    0.686   1065.2       0.
     139   28.042    0.758   1181.7       0.
     140   29.743    0.826   1329.0       0.
     141   31.370    0.882   1503.9       0.
     142   32.696    0.955   1688.1       0.
     143   34.387    1.024   1880.9       0.
     144   35.754    1.085   2089.6       0.
     145   36.969    1.148   2311.6       0.
     146   38.214    1.224   2543.2       0.
     147   39.704    1.312   2781.5       0.
     148   41.437    1.406   3003.1       0.
     149   43.312    1.487   3094.8       0.
     150   45.042    1.581   3328.0       0.
     151   46.637    1.685   3532.0       0.
     152   48.396    1.753   3775.7       0.
     153   49.558    1.818   4035.8       0.
     154   50.969    1.803   4327.7       0.
     155   53.005    1.786   4626.6       0.
     156   55.294    1.770   4776.3       0.
     157   57.576    1.758   5013.4       0.
     158   59.198    1.748   5191.6       0.
     159   60.564    1.738   5367.5       0.
     160   61.999    1.725   5673.9       0.
     161   63.741    1.710   5964.4       0.
     162   65.823    1.694   6113.5       0.
     163   67.969    1.681   6414.8       0.
     164   69.840    1.665   6721.4       0.
     165   71.982    1.644   6996.2       0.
     166   74.861    1.624   7185.3       0.
     167   77.114    1.608   7440.3       0.
     168   79.596    1.597   7526.5       0.
     169   81.304    1.584   7795.9       0.
     170   83.174    1.571   8100.8       0.
     171   85.287    1.554   8411.8      53.
     172   87.864    1.535   8597.6     217.
     173   90.802    1.517   8836.7     481.
     174   93.579    1.501   9143.3     804.
     175   96.013    1.485   9417.0    1219.
     176   98.522    1.468   9667.2    1721.
     177  100.000    1.467   9823.8    2197.
     178  100.000    1.461   9897.7    2571.
     179  100.000    1.452   9982.4    3016.
     180  100.000    1.441  10104.0    3483.
     181  100.000    1.428  10202.1    3994.
     182  100.000    1.413  10280.9    4573.
     183  100.000    1.397  10346.2    5105.
     184  100.000    1.380  10399.4    5578.
     185  100.000    1.362  10443.4    6120.
     186  100.000    1.303  10479.7    6347.
     187  100.000    1.247  10509.4    6396.
     188  100.000    1.192  10537.6    6443.
     189  100.000    1.140  10561.3    6484.
     190  100.000    1.091  10585.5    6525.
     191  100.000    1.043  10616.2    6572.
     192  100.000    0.998  10647.9    6618.
     193  100.000    0.955  10677.0    6662.
     194  100.000    0.913  10702.4    6702.
     195  100.000    0.873  10729.8    6743.
     196  100.000    0.835  10751.6    6777.
     197  100.000    0.798  10771.7    6810.
     198  100.000    0.763  10798.0    6848.
     199  100.000    0.729  10820.5    6882.
     200  100.000    0.697  10840.4    6912.
     201  100.000    0.664  10860.1    6943.
     202  100.000    0.595  10874.0    6967.
     203  100.000    0.493  10881.4    6997.
     204  100.000    0.356  10894.7    7043.
     205  100.000    0.188  10903.5    7096.
     206  100.000    0.000  10907.9    7154.
     207  100.000    0.000  10908.0    7215.
     208  100.000    0.000  10908.0    7215.
     209  100.000    0.000  10908.0    7215.
     210  100.000    0.000  10908.1    7215.
     211  100.000    0.000  10908.1    7215.
     212  100.000    0.000  10908.1    7215.
     213  100.000    0.000  10908.1    7215.
     214  100.000    0.000  10908.1    7215.
     215  100.000    0.000  10908.1    7215.
     216  100.000    0.000  10908.1    7215.
     217  100.000    0.000  10908.1    7215.
     218  100.000    0.000  10908.1    7215.
     219  100.000    0.000  10908.1    7215.
     220  100.000    0.000  10908.1    7215.
     221  100.000    0.000  10908.1    7215.
     222  100.000    0.000  10908.1    7215.
     223  100.000    0.000  10908.1    7215.
     224  100.000    0.000  10908.1    7215.
     225  100.000    0.000  10908.1    7215.
     119    0.000    0.000      0.0       0.
     120    0.000    0.000      0.0       0.
     121    0.000    0.000      0.0       0.
     122    0.000    0.000      0.0       0.
     123    0.000    0.000      0.0       0.
     124    0.000    0.000      0.0       0.
     125    0.000    0.000      0.0       0.
     126    0.000    0.000      0.0       0.
     127    0.000    0.000      0.0       0.
     128    0.000    0.000      0.0       0.
     129    0.000    0.000      0.0       0.
     130    0.000    0.000      0.0       0.
     131    0.000    0.000      0.0       0.
     132    0.000    0.000      0.0       0.
     133    0.000    0.000      0.0       0.
     134    0.000    0.000      0.0       0.
     135    0.000    0.000      0.0       0.
     136    0.000    0.000      0.0       0.
     137    0.000    0.000      0.0       0.
     138    0.000    0.000      0.0       0.
     139    0.000    0.000      0.0       0.
     140    0.500    0.015     10.7       0.
     141    0.500    0.024     16.9       0.
     142    0.500    0.040     27.0       0.
     143    0.500    0.061     40.7       0.
     144    0.500    0.100     65.9       0.
     145    0.500    0.154    101.1       0.
     146    0.500    0.179    117.2       0.
     147    0.500    0.183    119.6       0.
     148    0.500    0.203    132.6       0.
     149    0.500    0.229    149.7       0.
     150    0.500    0.287    187.2       0.
     151    0.500    0.369    240.8       0.
     152    0.500    0.486    316.5       0.
     153    0.500    0.585    380.9       0.
     154    0.500    0.750    487.7       0.
     155    0.500    0.933    606.8       0.
     156    0.500    1.201    780.8       0.
     157    0.500    1.509    981.1       0.
     158    0.500    1.784   1159.7       0.
     159    0.500    1.989   1293.8       0.
     160    0.500    2.165   1408.8       0.
     161    0.500    2.620   1704.8       0.
     162    0.500    3.021   1966.1       0.
     163    0.500    3.508   2283.2       0.
     164    0.500    3.937   2563.2       0.
     165    0.500    4.318   2812.3       0.
     166    0.500    4.820   3140.4       0.
     167    0.500    5.451   3553.0       0.
     168    0.500    6.081   3964.9       0.
     169    0.500    6.730   4389.9       0.
     170    0.500    7.375   4812.8       0.
     171    0.500    8.043   5251.3       0.
     172    0.500    8.703   5685.1       0.
     173    0.500    8.475   5629.3       1.
     174    0.500    8.272   5586.7       6.
     175    0.500    8.089   5563.9      23.
     176    0.500    7.924   5556.0      48.
     177    0.500    7.776   5561.9      82.
     178    0.500    7.641   5580.9     123.
     179    0.500    7.518   5609.2     169.
     180    0.500    7.407   5645.5     218.
     181    0.500    7.305   5691.2     274.
     182    0.500    7.212   5747.3     337.
     183    0.500    7.126   5818.8     412.
     184    0.500    7.048   5900.6     495.
     185    0.500    6.973   5975.9     571.
     186    0.500    6.907   6070.5     663.
     187    0.500    6.847   6172.4     759.
     188    0.500    6.791   6289.5     869.
     189    0.500    6.739   6416.0     987.
     190    0.500    6.691   6551.1    1112.
     191    0.500    6.647   6686.6    1236.
     192    0.500    6.607   6835.1    1372.
     193    0.500    6.569   6986.8    1510.
     194    0.500    6.534   7144.8    1653.
     195    0.500    6.501   7305.7    1798.
     196    0.500    6.471   7472.5    1948.
     197    0.500    6.430   7602.5    2070.
     198    0.500    6.397   7744.2    2198.
     199    0.500    6.369   7888.6    2326.
     200    0.500    6.343   8040.8    2462.
     201    0.500    6.301   8148.6    2564.
     202    0.500    6.258   8242.1    2653.
     203    0.500    6.214   8318.0    2726.
     204    0.500    6.167   8377.0    2785.
     205    0.500    6.122   8418.0    2825.
     206    0.500    6.104   8471.4    2862.
     207    0.500    6.098   8580.4    2946.
     208    0.500    6.080   8722.9    3071.
     209    0.500    6.068   8875.6    3204.
     210    0.500    6.053   9018.9    3329.
     211    0.500    6.054   9216.9    3499.
     212    0.500    6.054   9414.9    3669.
     213    0.500    6.055   9612.9    3839.
     214    0.500    6.055   9810.8    4009.
     215    0.500    6.056  10008.8    4179.
     216    0.500    6.056  10200.2    4343.
     217    0.500    6.056  10398.1    4513.
     218    0.500    6.057  10588.2    4675.
     219    0.500    6.031  10702.5    4778.
     220    0.500    6.029  10868.3    4918.
     221    0.500    6.032  11050.2    5071.
     222    0.500    6.033  11248.7    5241.
     223    0.500    6.035  11447.1    5411.
     224    0.500    6.037  11645.6    5581.
     225    0.500    6.039  11843.9    5751.
     226    0.500    6.040  12042.3    5921.
     227    0.500    6.042  12240.6    6091.
     228    0.500    6.043  12438.8    6261.
     229    0.500    6.044  12637.1    6431.
     230    0.500    6.045  12835.3    6601.
     231    0.500    6.046  13033.5    6771.
     232    0.500    6.047  13231.6    6941.
     233    0.500    6.048  13417.2    7099.
     234    0.500    6.049  13598.8    7252.
     235    0.500    6.050  13796.9    7422.
     236    0.500    6.050  13994.6    7592.
     237    0.500    6.051  14192.7    7762.
     238    0.500    6.045  14386.4    7932.
     239    0.500    6.046  14584.6    8102.
     240    0.500    6.047  14782.8    8272.
     241    0.500    6.048  14980.9    8442.
     242    0.500    6.029  15152.1    8598.
     243    0.500    5.993  15277.7    8720.
     244    0.500    5.979  15453.3    8878.
     245    0.500    5.985  15646.8    9042.
     246    0.500    5.990  15846.4    9212.
     247    0.500    5.994  16045.9    9382.
     248    0.500    5.999  16245.3    9552.
     249    0.500    6.003  16444.6    9722.
     250    0.500    6.007  16643.8    9892.
     251    0.500    6.010  16842.9   10062.
     252    0.500    6.013  17041.9   10232.
     253    0.500    6.013  17041.9   10232.
      90    0.000    0.000      0.0       0.
      91    0.000    0.000      0.0       0.
      92    0.000    0.000      0.0       0.
      93    0.000    0.000      0.0       0.
      94    0.000    0.000      0.0       0.
      95    0.000    0.000      0.0       0.
      96    0.000    0.000      0.0       0.
      97    0.500    0.003      1.6       0.
      98    1.490    0.005      3.0       0.
      99    2.475    0.007      4.1       0.
     100    3.231    0.008      5.1       0.
     101    3.671    0.009      5.8       0.
     102    3.981    0.012      7.5       0.
     103    4.680    0.014      9.5       0.
     104    5.360    0.016     11.9       0.
     105    6.507    0.019     14.8       0.
     106    7.496    0.023     18.3       0.
     107    8.369    0.026     22.2       0.
     108    9.574    0.027     22.8       0.
     109    9.841    0.029     25.4       0.
     110   10.249    0.034     28.9       0.
     111   10.846    0.041     35.7       0.
     112   11.804    0.045     38.9       0.
     113   12.742    0.054     45.2       0.
     114   13.950    0.064     56.2       0.
     115   15.295    0.075     67.8       0.
     116   16.732    0.089     84.5       0.
     117   17.920    0.102    101.4       0.
     118   19.357    0.115    119.2       0.
     119   21.247    0.130    140.3       0.
     120   23.113    0.150    166.4       0.
     121   24.975    0.169    194.0       0.
     122   26.477    0.200    228.0       0.
     123   27.592    0.212    258.7       0.
     124   28.173    0.222    287.3       0.
     125   28.682    0.236    328.7       0.
     126   29.310    0.261    389.3       0.
     127   30.176    0.304    456.0       0.
     128   31.379    0.359    532.6       0.
     129   32.828    0.407    619.2       0.
     130   34.344    0.468    716.8       0.
     131   35.871    0.538    828.3       0.
     132   37.566    0.610    952.8       0.
     133   39.270    0.657   1087.9       0.
     134   40.609    0.706   1235.2       0.
     135   41.654    0.768   1390.6       0.
     136   42.971    0.845   1537.4       0.
     137   44.454    0.937   1701.7       0.
     138   46.139    1.030   1890.0       0.
     139   47.845    1.120   2082.6       0.
     140   49.487    1.198   2238.1       0.
     141   50.946    1.194   2387.9       0.
     142   51.821    1.189   2520.5       0.
     143   52.795    1.185   2724.0       0.
     144   53.688    1.178   2914.2       0.
     145   55.145    1.171   3136.2       0.
     146   56.721    1.162   3358.1       0.
     147   58.561    1.152   3526.9       0.
     148   60.531    1.146   3694.3       0.
     149   61.846    1.140   3936.7       0.
     150   63.067    1.133   4117.8       0.
     151   64.567    1.125   4213.9       0.
     152   66.304    1.114   4301.4       0.
     153   68.320    1.102   4379.9       0.
     154   70.496    1.084   4437.0       0.
     155   72.884    1.070   4490.3       0.
     156   75.150    1.064   4589.7       0.
     157   76.460    1.061   4650.9       0.
     158   77.076    1.058   4807.4       0.
     159   77.929    1.053   5017.1       0.
     160   79.024    1.047   5255.1       0.
     161   80.369    1.042   5384.9       0.
     162   81.723    1.036   5617.0       0.
     163   82.937    1.031   5870.0       0.
     164   84.273    1.024   6103.6       8.
     165   85.796    1.018   6347.3      40.
     166   87.305    1.011   6597.7      97.
     167   88.876    1.003   6840.3     190.
     168   90.647    0.998   7097.6     261.
     169   91.807    0.993   7350.2     365.
     170   93.099    0.986   7582.8     526.
     171   94.790    0.978   7827.9     727.
     172   96.568    0.970   8075.4     976.
     173   98.459    0.961   8319.2    1272.
     174  100.000    0.959   8526.6    1578.
     175  100.000    0.959   8727.2    1844.
     176  100.000    0.957   8899.5    2039.
     177  100.000    0.954   9049.3    2287.
     178  100.000    0.950   9169.0    2583.
     179  100.000    0.943   9260.8    2911.
     180  100.000    0.935   9327.2    3237.
     181  100.000    0.926   9379.2    3529.
     182  100.000    0.916   9416.6    3847.
     183  100.000    0.905   9441.1    4148.
     184  100.000    0.894   9458.6    4451.
     185  100.000    0.882   9468.8    4778.
     186  100.000    0.870   9473.2    5135.
     187  100.000    0.858   9473.4    5516.
     188  100.000    0.846   9473.5    5860.
     189  100.000    0.834   9473.5    6179.
     190  100.000    0.821   9473.6    6529.
     191  100.000    0.784   9473.7    6730.
     192  100.000    0.749   9473.8    6744.
     193  100.000    0.715   9473.8    6758.
     194  100.000    0.684   9476.4    6774.
     195  100.000    0.654   9484.2    6794.
     196  100.000    0.626   9492.5    6814.
     197  100.000    0.589   9500.0    6833.
     198  100.000    0.519   9507.0    6854.
     199  100.000    0.418   9521.8    6897.
     200  100.000    0.288   9530.9    6945.
     201  100.000    0.133   9534.6    7000.
     202  100.000    0.000   9535.6    7062.
     203  100.000    0.000   9535.6    7115.
     204  100.000    0.000   9535.6    7115.
     205  100.000    0.000   9535.6    7115.
     206  100.000    0.000   9535.7    7115.
     207  100.000    0.000   9535.7    7115.
     208  100.000    0.000   9535.7    7115.
     209  100.000    0.000   9535.7    7115.
     210  100.000    0.000   9535.7    7115.
      92    0.000    0.000      0.0       0.
      93    0.000    0.000      0.0       0.
      94    0.000    0.000      0.0       0.
      95    0.000    0.000      0.0       0.
      96    0.000    0.000      0.0       0.
      97    0.000    0.000      0.0       0.
      98    0.000    0.000      0.0       0.
      99    0.500    0.002      1.1       0.
     100    0.588    0.004      2.5       0.
     101    1.268    0.007      3.9       0.
     102    1.864    0.011      6.4       0.
     103    2.518    0.016      9.8       0.
     104    3.225    0.018     10.9       0.
     105    3.507    0.018     11.1       0.
     106    3.570    0.021     12.8       0.
     107    3.943    0.028     18.0       0.
     108    4.564    0.038     24.9       0.
     109    5.221    0.049     34.6       0.
     110    6.002    0.063     47.1       0.
     111    6.976    0.079     62.5       0.
     112    8.070    0.095     80.1       0.
     113    9.145    0.111     97.9       0.
     114    9.928    0.117    109.9       0.
     115   10.384    0.121    124.1       0.
     116   10.736    0.126    135.8       0.
     117   11.151    0.131    149.7       0.
     118   11.573    0.138    166.0       0.
     119   12.043    0.144    183.7       0.
     120   12.461    0.148    199.5       0.
     121   12.796    0.158    213.6       0.
     122   13.331    0.175    239.5       0.
     123   14.044    0.194    260.9       0.
     124   14.844    0.204    288.3       0.
     125   15.405    0.227    329.5       0.
     126   16.385    0.247    366.2       0.
     127   17.211    0.262    411.0       0.
     128   17.882    0.270    454.6       0.
     129   18.336    0.285    511.7       0.
     130   18.923    0.310    580.8       0.
     131   19.661    0.342    656.9       0.
     132   20.549    0.363    728.1       0.
     133   21.171    0.377    781.9       0.
     134   21.655    0.413    836.0       0.
     135   22.473    0.450    930.7       0.
     136   23.277    0.497   1039.2       0.
     137   24.211    0.572   1158.2       0.
     138   25.651    0.699   1287.2       0.
     139   27.884    0.800   1371.8       0.
     140   30.247    0.877   1540.2       0.
     141   31.457    0.961   1726.2       0.
     142   32.774    1.077   1912.4       0.
     143   34.533    1.219   2051.7       0.
     144   36.388    1.368   2250.9       0.
     145   38.330    1.488   2491.6       0.
     146   39.898    1.613   2748.9       0.
     147   41.531    1.747   3020.1       0.
     148   43.273    1.912   3291.2       0.
     149   45.235    2.095   3559.4       0.
     150   47.394    2.281   3812.1       0.
     151   49.474    2.458   4048.6       0.
     152   52.289    2.431   4236.8       0.
     153   55.077    2.406   4425.5       0.
     154   57.648    2.378   4682.5       0.
     155   60.448    2.347   4926.1       0.
     156   63.584    2.324   5055.1       0.
     157   65.979    2.304   5194.2       0.
     158   67.992    2.282   5457.6       0.
     159   70.226    2.259   5776.3       0.
     160   72.521    2.236   6050.5       0.
     161   74.906    2.211   6275.7       0.
     162   76.929    2.195   6430.3       0.
     163   78.754    2.179   6724.0       0.
     164   80.632    2.162   6906.7       0.
     165   82.513    2.144   7101.3       0.
     166   84.498    2.127   7315.7      16.
     167   86.423    2.109   7655.4      82.
     168   88.496    2.092   7971.3     190.
     169   90.469    2.073   8324.2     358.
     170   92.587    2.052   8572.8     598.
     171   94.891    2.037   8700.2     804.
     172   96.666    2.023   8844.3     988.
     173   98.219    2.010   9209.5    1183.
     174   99.732    1.993   9558.6    1510.
     175  100.000    1.988   9884.2    2011.
     176  100.000    1.985  10102.7    2541.
     177  100.000    1.978  10314.2    3029.
     178  100.000    1.966  10492.0    3464.
     179  100.000    1.951  10635.2    3951.
     180  100.000    1.933  10746.8    4516.
     181  100.000    1.913  10824.3    5038.
     182  100.000    1.891  10898.0    5617.
     183  100.000    1.868  10943.1    6177.
     184  100.000    1.844  10985.0    6712.
     185  100.000    1.764  11028.4    7053.
     186  100.000    1.687  11057.7    7108.
     187  100.000    1.614  11095.4    7171.
     188  100.000    1.543  11131.9    7231.
     189  100.000    1.475  11166.4    7289.
     190  100.000    1.411  11198.1    7342.
     191  100.000    1.348  11229.3    7395.
     192  100.000    1.289  11253.3    7439.
     193  100.000    1.232  11282.9    7488.
     194  100.000    1.178  11311.6    7535.
     195  100.000    1.125  11338.0    7579.
     196  100.000    1.075  11362.2    7620.
     197  100.000    1.027  11384.9    7659.
     198  100.000    0.981  11407.3    7697.
     199  100.000    0.932  11427.1    7732.
     200  100.000    0.832  11446.7    7768.
     201  100.000    0.682  11464.6    7818.
     202  100.000    0.489  11477.8    7880.
     203  100.000    0.255  11486.9    7952.
     204  100.000    0.000  11490.6    8032.
     205  100.000    0.000  11490.6    8115.
     206  100.000    0.000  11490.7    8115.
     207  100.000    0.000  11490.7    8115.
     208  100.000    0.000  11490.7    8115.
     209  100.000    0.000  11490.7    8115.
     210  100.000    0.000  11490.7    8115.
     211  100.000    0.000  11490.7    8115.
     212  100.000    0.000  11490.7    8115.
     213  100.000    0.000  11490.7    8115.
     214  100.000    0.000  11490.7    8115.
     215  100.000    0.000  11490.7    8115.
     216  100.000    0.000  11490.7    8115.
     217  100.000    0.000  11490.7    8115.
     218  100.000    0.000  11490.7    8115.
     219  100.000    0.000  11490.7    8115.
     220  100.000    0.000  11490.7    8115.
     221  100.000    0.000  11490.7    8115.
     222  100.000    0.000  11490.7    8115.
     223  100.000    0.000  11490.7    8115.
     224  100.000    0.000  11490.7    8115.
     225  100.000    0.000  11490.7    8115.
     119    0.000    0.000      0.0       0.
     120    0.000    0.000      0.0       0.
     121    0.000    0.000      0.0       0.
     122    0.000    0.000      0.0       0.
     123    0.000    0.000      0.0       0.
     124    0.000    0.000      0.0       0.
     125    0.000    0.000      0.0       0.
     126    0.000    0.000      0.0       0.
     127    0.000    0.000      0.0       0.
     128    0.000    0.000      0.0       0.
     129    0.000    0.000      0.0       0.
     130    0.000    0.000      0.0       0.
     131    0.000    0.000      0.0       0.
     132    0.000    0.000      0.0       0.
     133    0.000    0.000      0.0       0.
     134    0.000    0.000      0.0       0.
     135    0.000    0.000      0.0       0.
     136    0.000    0.000      0.0       0.
     137    0.000    0.000      0.0       0.
     138    0.000    0.000      0.0       0.
     139    0.000    0.000      0.0       0.
     140    0.500    0.012      9.2       0.
     141    0.500    0.015     11.0       0.
     142    0.500    0.016     11.7       0.
     143    0.500    0.018     12.7       0.
     144    0.500    0.022     15.3       0.
     145    0.500    0.028     19.5       0.
     146    0.500    0.041     27.7       0.
     147    0.500    0.056     37.2       0.
     148    0.500    0.069     45.9       0.
     149    0.500    0.089     58.6       0.
     150    0.500    0.118     77.7       0.
     151    0.500    0.151     99.0       0.
     152    0.500    0.180    117.9       0.
     153    0.500    0.215    140.4       0.
     154    0.500    0.246    161.1       0.
     155    0.500    0.268    175.3       0.
     156    0.500    0.324    211.3       0.
     157    0.500    0.383    249.7       0.
     158    0.500    0.449    292.7       0.
     159    0.500    0.569    370.8       0.
     160    0.500    0.677    440.7       0.
     161    0.500    0.841    547.2       0.
     162    0.500    1.001    651.3       0.
     163    0.500    1.105    719.0       0.
     164    0.500    1.389    903.9       0.
     165    0.500    1.756   1142.2       0.
     166    0.500    2.043   1329.1       0.
     167    0.500    2.213   1440.8       0.
     168    0.500    2.540   1653.6       0.
     169    0.500    2.964   1929.8       0.
     170    0.500    3.436   2237.4       0.
     171    0.500    3.896   2537.9       0.
     172    0.500    4.378   2852.7       0.
     173    0.500    4.994   3255.1       0.
     174    0.500    5.543   3614.3       0.
     175    0.500    6.012   3922.0       0.
     176    0.500    6.487   4234.6       0.
     177    0.500    6.458   4253.4       2.
     178    0.500    6.431   4276.2       7.
     179    0.500    6.406   4311.9      24.
     180    0.500    6.383   4353.8      47.
     181    0.500    6.361   4405.4      79.
     182    0.500    6.341   4464.8     118.
     183    0.500    6.322   4535.7     168.
     184    0.500    6.291   4604.9     225.
     185    0.500    6.274   4691.2     290.
     186    0.500    6.260   4786.7     363.
     187    0.500    6.247   4890.1     444.
     188    0.500    6.234   5001.6     532.
     189    0.500    6.223   5120.8     628.
     190    0.500    6.212   5247.7     731.
     191    0.500    6.202   5382.2     841.
     192    0.500    6.193   5518.5     953.
     193    0.500    6.184   5661.9    1072.
     194    0.500    6.176   5811.9    1197.
     195    0.500    6.163   5970.5    1335.
     196    0.500    6.156   6140.6    1479.
     197    0.500    6.150   6312.2    1625.
     198    0.500    6.138   6461.8    1753.
     199    0.500    6.133   6635.9    1902.
     200    0.500    6.128   6817.8    2057.
     201    0.500    6.124   7014.0    2227.
     202    0.500    6.120   7210.3    2397.
     203    0.500    6.116   7406.6    2567.
     204    0.500    6.113   7603.1    2737.
     205    0.500    6.109   7799.7    2907.
     206    0.500    6.106   7982.0    3063.
     207    0.500    6.103   8173.5    3228.
     208    0.500    6.101   8370.2    3398.
     209    0.500    6.098   8567.1    3568.
     210    0.500    6.096   8764.0    3738.
     211    0.500    6.094   8961.0    3908.
     212    0.500    6.083   9118.8    4044.
     213    0.500    6.081   9316.0    4214.
     214    0.500    6.080   9513.4    4384.
     215    0.500    6.079   9703.0    4547.
     216    0.500    6.078   9900.3    4717.
     217    0.500    6.077  10091.3    4880.
     218    0.500    6.076  10272.6    5034.
     219    0.500    6.075  10470.1    5204.
     220    0.500    6.074  10667.5    5374.
     221    0.500    6.073  10865.0    5544.
     222    0.500    6.073  11062.5    5714.
     223    0.500    6.072  11260.1    5884.
     224    0.500    6.068  11455.7    6054.
     225    0.500    6.068  11653.3    6224.
     226    0.500    6.067  11850.9    6394.
     227    0.500    6.067  12048.6    6564.
     228    0.500    6.067  12246.2    6734.
     229    0.500    6.066  12443.9    6904.
     230    0.500    6.066  12641.6    7074.
     231    0.500    6.066  12839.2    7244.
     232    0.500    6.066  13036.9    7414.
     233    0.500    6.065  13234.6    7584.
     234    0.500    6.065  13432.3    7754.
     235    0.500    6.050  13617.6    7921.
     236    0.500    6.044  13811.3    8091.
     237    0.500    6.045  14009.5    8261.
     238    0.500    6.046  14188.5    8413.
     239    0.500    6.047  14386.7    8583.
     240    0.500    6.032  14569.4    8748.
     241    0.500    6.004  14716.7    8886.
     242    0.500    5.977  14861.2    9021.
     243    0.500    5.958  15022.8    9169.
     244    0.500    5.950  15212.1    9337.
     245    0.500    5.949  15407.0    9507.
     246    0.500    5.956  15607.4    9677.
     247    0.500    5.963  15807.7    9847.
     248    0.500    5.946  15972.4    9997.
     249    0.500    5.911  16087.8   10109.
     250    0.500    5.904  16271.7   10272.
     251    0.500    5.906  16461.3   10436.
     252    0.500    5.880  16595.1   10562.
     253    0.500    5.880  16595.1   10562.
      90    0.000    0.000      0.0       0.
      91    0.000    0.000      0.0       0.
      92    0.000    0.000      0.0       0.
      93    0.000    0.000      0.0       0.
      94    0.000    0.000      0.0       0.
      95    0.000    0.000      0.0       0.
      96    0.000    0.000      0.0       0.
      97    0.500    0.000      0.3       0.
      98    0.500    0.001      0.5       0.
      99    0.500    0.002      1.0       0.
     100    0.876    0.003      2.0       0.
     101    1.619    0.006      3.5       0.
     102    2.663    0.008      5.1       0.
     103    3.453    0.010      6.1       0.
     104    4.158    0.012      7.6       0.
     105    4.680    0.013      9.3       0.
     106    5.372    0.016     12.3       0.
     107    6.866    0.021     15.7       0.
     108    8.028    0.024     17.7       0.
     109    8.728    0.025     19.6       0.
     110    9.133    0.029     22.2       0.
     111    9.760    0.032     24.5       0.
     112   10.270    0.033     26.9       0.
     113   10.636    0.035     30.2       0.
     114   11.153    0.040     33.4       0.
     115   11.768    0.044     36.7       0.
     116   12.523    0.048     42.6       0.
     117   13.084    0.053     50.2       0.
     118   13.894    0.062     59.0       0.
     119   14.831    0.064     61.8       0.
     120   15.175    0.067     68.9       0.
     121   15.653    0.075     81.6       0.
     122   16.477    0.087     96.5       0.
     123   17.608    0.100    114.9       0.
     124   18.619    0.109    135.3       0.
     125   19.460    0.126    161.5       0.
     126   20.769    0.148    190.2       0.
     127   22.328    0.168    206.0       0.
     128   23.672    0.186    221.2       0.
     129   24.603    0.197    231.0       0.
     130   25.247    0.229    265.3       0.
     131   26.144    0.265    323.8       0.
     132   27.162    0.305    385.6       0.
     133   28.528    0.349    446.1       0.
     134   29.993    0.400    505.9       0.
     135   31.540    0.445    560.9       0.
     136   32.741    0.456    610.6       0.
     137   33.246    0.467    641.4       0.
     138   33.733    0.485    668.4       0.
     139   34.344    0.533    762.6       0.
     140   35.500    0.578    879.8       0.
     141   36.786    0.638   1009.5       0.
     142   38.004    0.694   1111.2       0.
     143   39.152    0.737   1168.2       0.
     144   40.029    0.782   1341.2       0.
     145   40.937    0.833   1477.0       0.
     146   41.981    0.859   1588.1       0.
     147   42.663    0.890   1684.1       0.
     148   43.405    0.917   1775.7       0.
     149   44.063    0.947   1840.8       0.
     150   44.737    1.000   1978.0       0.
     151   45.667    1.071   2127.2       0.
     152   46.908    1.133   2296.0       0.
     153   47.998    1.166   2451.8       0.
     154   48.702    1.207   2668.2       0.
     155   49.496    1.289   2879.3       0.
     156   50.992    1.279   3110.6       0.
     157   52.996    1.270   3319.8       0.
     158   54.714    1.263   3443.3       0.
     159   56.149    1.256   3577.1       0.
     160   57.443    1.250   3816.9       0.
     161   58.717    1.243   4031.7       0.
     162   60.063    1.236   4221.0       0.
     163   61.434    1.227   4437.0       0.
     164   63.111    1.219   4621.7       0.
     165   64.654    1.211   4879.6       0.
     166   66.291    1.203   5135.5       0.
     167   67.804    1.196   5380.8       0.
     168   69.068    1.189   5638.1       0.
     169   70.423    1.181   5782.0       0.
     170   72.041    1.173   5990.8       0.
     171   73.561    1.164   6243.4       0.
     172   75.280    1.156   6495.2       0.
     173   76.891    1.148   6698.8       0.
     174   78.705    1.139   6943.6       0.
     175   80.608    1.132   7207.2       0.
     176   82.068    1.126   7453.9       0.
     177   83.362    1.120   7711.2       0.
     178   84.736    1.112   7978.2      22.
     179   86.389    1.103   8247.0      90.
     180   88.293    1.095   8508.7     193.
     181   89.983    1.089   8759.7     316.
     182   91.438    1.082   9023.7     471.
     183   92.933    1.073   9283.0     687.
     184   94.678    1.065   9540.4     955.
     185   96.496    1.056   9773.2    1290.
     186   98.442    1.047   9998.5    1674.
     187  100.000    1.046  10188.6    2087.
     188  100.000    1.043  10319.0    2496.
     189  100.000    1.037  10431.5    2844.
     190  100.000    1.029  10503.8    3173.
     191  100.000    1.020  10568.6    3580.
     192  100.000    1.009  10610.2    4004.
     193  100.000    0.998  10640.8    4443.
     194  100.000    0.986  10663.3    4868.
     195  100.000    0.974  10676.2    5236.
     196  100.000    0.961  10683.7    5608.
     197  100.000    0.948  10686.1    6017.
     198  100.000    0.935  10686.2    6436.
     199  100.000    0.921  10686.3    6890.
     200  100.000    0.908  10686.4    7305.
     201  100.000    0.867  10686.5    7450.
     202  100.000    0.828  10686.5    7465.
     203  100.000    0.791  10686.6    7480.
     204  100.000    0.757  10690.7    7498.
     205  100.000    0.724  10700.0    7520.
     206  100.000    0.693  10706.4    7538.
     207  100.000    0.663  10715.4    7559.
     208  100.000    0.635  10728.3    7583.
     209  100.000    0.608  10741.4    7607.
     210  100.000    0.583  10753.5    7629.
      92    0.000    0.000      0.0       0.
      93    0.000    0.000      0.0       0.
      94    0.000    0.000      0.0       0.
      95    0.000    0.000      0.0       0.
      96    0.000    0.000      0.0       0.
      97    0.500    0.002      1.1       0.
      98    0.609    0.003      1.8       0.
      99    0.952    0.004      2.6       0.
     100    1.264    0.007      4.1       0.
     101    1.771    0.010      6.1       0.
     102    2.328    0.014      8.5       0.
     103    2.807    0.017     10.5       0.
     104    3.254    0.018     11.3       0.
     105    3.400    0.020     13.1       0.
     106    3.675    0.021     13.4       0.
     107    3.749    0.021     14.1       0.
     108    3.851    0.023     16.5       0.
     109    4.122    0.028     19.4       0.
     110    4.709    0.038     25.5       0.
     111    5.290    0.047     34.1       0.
     112    5.911    0.051     40.0       0.
     113    6.295    0.053     44.5       0.
     114    6.545    0.058     52.7       0.
     115    6.947    0.067     64.0       0.
     116    7.501    0.081     81.6       0.
     117    8.324    0.099    101.1       0.
     118    9.321    0.116    125.8       0.
     119   10.278    0.134    148.7       0.
     120   11.154    0.140    169.9       0.
     121   11.582    0.143    186.4       0.
     122   11.900    0.156    218.7       0.
     123   12.510    0.171    254.2       0.
     124   13.192    0.195    294.9       0.
     125   14.177    0.216    328.2       0.
     126   15.089    0.242    372.8       0.
     127   16.195    0.264    405.5       0.
     128   17.090    0.286    461.2       0.
     129   18.053    0.314    529.1       0.
     130   19.070    0.349    604.6       0.
     131   20.212    0.394    686.0       0.
     132   21.482    0.449    767.3       0.
     133   22.887    0.509    859.6       0.
     134   24.430    0.591    974.8       0.
     135   26.143    0.705   1086.8       0.
     136   27.960    0.769   1159.3       0.
     137   29.470    0.830   1272.9       0.
     138   30.912    0.889   1437.0       0.
     139   32.323    0.942   1609.3       0.
     140   33.589    1.006   1799.8       0.
     141   34.963    1.088   1935.8       0.
     142   36.589    1.125   2080.1       0.
     143   37.472    1.160   2237.7       0.
     144   38.323    1.223   2465.9       0.
     145   39.569    1.295   2632.2       0.
     146   40.988    1.369   2804.2       0.
     147   42.453    1.430   2997.4       0.
     148   43.665    1.504   3130.1       0.
     149   44.958    1.573   3295.4       0.
     150   46.140    1.650   3561.6       0.
     151   47.434    1.727   3850.3       0.
     152   48.732    1.814   4139.5       0.
     153   50.320    1.796   4433.8       0.
     154   52.866    1.779   4735.6       0.
     155   55.214    1.761   5035.3       0.
     156   57.670    1.742   5335.6       0.
     157   60.311    1.718   5604.0       0.
     158   63.534    1.695   5895.0       0.
     159   66.714    1.670   6199.5       0.
     160   70.131    1.645   6501.6       0.
     161   73.599    1.618   6737.8       0.
     162   76.866    1.600   6979.1       0.
     163   79.603    1.586   7149.6       0.
     164   81.888    1.573   7402.8       0.
     165   83.873    1.563   7715.6       2.
     166   85.409    1.550   8039.7      43.
     167   87.428    1.534   8354.5     153.
     168   89.849    1.518   8676.0     338.
     169   92.306    1.501   8971.1     618.
     170   94.962    1.491   9143.0     769.
     171   96.441    1.483   9457.7     913.
     172   97.800    1.471   9740.0    1194.
     173   99.600    1.459  10024.5    1509.
     174  100.000    1.459  10260.1    1940.
     175  100.000    1.454  10346.3    2381.
     176  100.000    1.446  10447.7    2843.
     177  100.000    1.436  10572.2    3344.
     178  100.000    1.423  10674.4    3920.
     179  100.000    1.409  10757.5    4548.
     180  100.000    1.393  10796.1    5266.
     181  100.000    1.376  10843.4    5951.
     182  100.000    1.359  10890.2    6598.
     183  100.000    1.301  10920.1    7068.
     184  100.000    1.244  10936.5    7103.
     185  100.000    1.190  10969.0    7154.
     186  100.000    1.139  10996.2    7198.
     187  100.000    1.089  11028.3    7247.
     188  100.000    1.042  11057.0    7292.
     189  100.000    0.997  11088.0    7338.
     190  100.000    0.953  11117.0    7382.
     191  100.000    0.911  11143.0    7422.
     192  100.000    0.871  11149.3    7442.
     193  100.000    0.833  11173.7    7479.
     194  100.000    0.796  11199.5    7517.
     195  100.000    0.761  11222.8    7552.
     196  100.000    0.715  11241.9    7583.
     197  100.000    0.632  11254.8    7610.
     198  100.000    0.510  11272.3    7655.
     199  100.000    0.352  11286.2    7708.
     200  100.000    0.161  11295.2    7768.
     201  100.000    0.000  11299.0    7834.
     202  100.000    0.000  11299.0    7886.
     203  100.000    0.000  11299.1    7886.
     204  100.000    0.000  11299.1    7886.
     205  100.000    0.000  11299.1    7886.
     206  100.000    0.000  11299.1    7886.
     207  100.000    0.000  11299.1    7886.
     208  100.000    0.000  11299.1    7886.
     209  100.000    0.000  11299.1    7886.
     210  100.000    0.000  11299.1    7886.
     211  100.000    0.000  11299.1    7886.
     212  100.000    0.000  11299.1    7886.
     213  100.000    0.000  11299.1    7886.
     214  100.000    0.000  11299.1    7886.
     215  100.000    0.000  11299.1    7886.
     216  100.000    0.000  11299.1    7886.
     217  100.000    0.000  11299.1    7886.
     218  100.000    0.000  11299.1    7886.
     219  100.000    0.000  11299.1    7886.
     220  100.000    0.000  11299.1    7886.
     221  100.000    0.000  11299.1    7886.
     222  100.000    0.000  11299.1    7886.
     223  100.000    0.000  11299.1    7886.
     224  100.000    0.000  11299.1    7886.
     225  100.000    0.000  11299.1    7886.
     119    0.000    0.000      0.0       0.
     120    0.000    0.000      0.0       0.
     121    0.000    0.000      0.0       0.
     122    0.000    0.000      0.0       0.
     123    0.000    0.000      0.0       0.
     124    0.000    0.000      0.0       0.
     125    0.000    0.000      0.0       0.
     126    0.000    0.000      0.0       0.
     127    0.000    0.000      0.0       0.
     128    0.000    0.000      0.0       0.
     129    0.000    0.000      0.0       0.
     130    0.000    0.000      0.0       0.
     131    0.000    0.000      0.0       0.
     132    0.000    0.000      0.0       0.
     133    0.000    0.000      0.0       0.
     134    0.000    0.000      0.0       0.
     135    0.000    0.000      0.0       0.
     136    0.000    0.000      0.0       0.
     137    0.000    0.000      0.0       0.
     138    0.000    0.000      0.0       0.
     139    0.000    0.000      0.0       0.
     140    0.500    0.013      9.7       0.
     141    0.500    0.018     13.1       0.
     142    0.500    0.028     19.4       0.
     143    0.500    0.046     31.3       0.
     144    0.500    0.076     50.7       0.
     145    0.500    0.124     81.4       0.
     146    0.500    0.173    113.3       0.
     147    0.500    0.228    149.1       0.
     148    0.500    0.296    192.9       0.
     149    0.500    0.378    246.5       0.
     150    0.500    0.479    312.2       0.
     151    0.500    0.555    361.6       0.
     152    0.500    0.728    473.4       0.
     153    0.500    0.917    596.2       0.
     154    0.500    1.160    754.4       0.
     155    0.500    1.490    968.5       0.
     156    0.500    1.879   1221.5       0.
     157    0.500    2.220   1443.3       0.
     158    0.500    2.467   1604.5       0.
     159    0.500    3.063   1992.0       0.
     160    0.500    3.619   2353.7       0.
     161    0.500    4.205   2735.4       0.
     162    0.500    4.831   3143.8       0.
     163    0.500    5.336   3473.9       0.
     164    0.500    5.640   3674.6       0.
     165    0.500    5.894   3842.8       0.
     166    0.500    6.441   4201.4       0.
     167    0.500    6.662   4348.9       0.
     168    0.500    7.083   4626.5       0.
     169    0.500    7.288   4765.1       0.
     170    0.500    7.945   5196.0       0.
     171    0.500    7.794   5171.6       4.
     172    0.500    7.658   5154.5      10.
     173    0.500    7.533   5156.1      29.
     174    0.500    7.421   5171.2      59.
     175    0.500    7.317   5199.3      97.
     176    0.500    7.223   5239.7     145.
     177    0.500    7.137   5291.9     201.
     178    0.500    7.058   5355.5     266.
     179    0.500    6.985   5430.0     340.
     180    0.500    6.918   5515.1     422.
     181    0.500    6.857   5610.3     512.
     182    0.500    6.800   5715.5     611.
     183    0.500    6.748   5830.2     717.
     184    0.500    6.700   5947.4     824.
     185    0.500    6.649   6052.5     922.
     186    0.500    6.597   6151.3    1015.
     187    0.500    6.557   6266.8    1119.
     188    0.500    6.517   6383.6    1224.
     189    0.500    6.486   6531.7    1356.
     190    0.500    6.447   6652.5    1466.
     191    0.500    6.413   6778.8    1579.
     192    0.500    6.381   6902.9    1689.
     193    0.500    6.337   6996.5    1778.
     194    0.500    6.302   7095.6    1867.
     195    0.500    6.253   7157.1    1928.
     196    0.500    6.231   7272.0    2026.
     197    0.500    6.220   7422.5    2153.
     198    0.500    6.209   7611.5    2318.
     199    0.500    6.200   7793.6    2476.
     200    0.500    6.191   7988.0    2646.
     201    0.500    6.182   8182.3    2815.
     202    0.500    6.174   8377.2    2985.
     203    0.500    6.167   8572.2    3155.
     204    0.500    6.144   8709.8    3278.
     205    0.500    6.138   8905.6    3448.
     206    0.500    6.133   9101.5    3618.
     207    0.500    6.129   9297.6    3788.
     208    0.500    6.124   9489.6    3954.
     209    0.500    6.112   9648.9    4092.
     210    0.500    6.109   9845.5    4262.
     211    0.500    6.106  10040.7    4431.
     212    0.500    6.103  10237.4    4601.
     213    0.500    6.100  10425.1    4762.
     214    0.500    6.088  10579.8    4896.
     215    0.500    6.086  10771.5    5061.
     216    0.500    6.085  10968.7    5231.
     217    0.500    6.083  11165.9    5401.
     218    0.500    6.077  11360.1    5571.
     219    0.500    6.076  11557.5    5741.
     220    0.500    6.075  11754.9    5911.
     221    0.500    6.074  11952.4    6081.
     222    0.500    6.073  12143.7    6244.
     223    0.500    6.073  12333.1    6406.
     224    0.500    6.069  12505.4    6553.
     225    0.500    6.068  12703.0    6723.
     226    0.500    6.068  12900.6    6893.
     227    0.500    6.068  13098.2    7063.
     228    0.500    6.067  13295.9    7233.
     229    0.500    6.067  13493.5    7403.
     230    0.500    6.067  13691.2    7573.
     231    0.500    6.066  13888.9    7743.
     232    0.500    6.066  14086.5    7913.
     233    0.500    6.066  14284.2    8083.
     234    0.500    6.060  14478.6    8253.
     235    0.500    6.048  14668.2    8423.
     236    0.500    6.043  14862.4    8593.
     237    0.500    6.040  15058.1    8763.
     238    0.500    6.041  15256.4    8933.
     239    0.500    6.043  15454.6    9103.
     240    0.500    6.044  15652.9    9273.
     241    0.500    6.045  15851.1    9443.
     242    0.500    6.046  16049.3    9613.
     243    0.500    6.038  16241.4    9783.
     244    0.500    6.026  16429.9    9952.
     245    0.500    6.028  16628.6   10122.
     246    0.500    6.007  16792.8   10273.
     247    0.500    5.981  16940.2   10410.
     248    0.500    5.973  17131.5   10580.
     249    0.500    5.979  17331.4   10750.
     250    0.500    5.984  17531.2   10920.
     251    0.500    5.989  17730.8   11090.
     252    0.500    5.994  17930.3   11260.
     253    0.500    5.994  17930.3   11260.
      90    0.000    0.000      0.0       0.
      91    0.000    0.000      0.0       0.
      92    0.000    0.000      0.0       0.
      93    0.000    0.000      0.0       0.
      94    0.000    0.000      0.0       0.
      95    0.000    0.000      0.0       0.
      96    0.000    0.000      0.0       0.
      97    0.000    0.000      0.0       0.
      98    0.500    0.001      0.7       0.
      99    0.595    0.003      1.9       0.
     100    1.531    0.006      3.5       0.
     101    2.520    0.008      5.4       0.
     102    3.725    0.010      7.2       0.
     103    4.470    0.012      9.6       0.
     104    5.855    0.013     11.1       0.
     105    6.812    0.014     12.6       0.
     106    7.392    0.016     14.9       0.
     107    8.174    0.019     18.0       0.
     108    9.271    0.021     21.3       0.
     109   10.662    0.024     25.0       0.
     110   11.820    0.027     29.2       0.
     111   13.087    0.030     34.0       0.
     112   14.572    0.034     39.6       0.
     113   15.911    0.038     45.5       0.
     114   17.421    0.044     49.9       0.
     115   18.410    0.049     53.4       0.
     116   19.089    0.057     62.2       0.
     117   19.952    0.065     73.0       0.
     118   20.949    0.075     86.4       0.
     119   22.298    0.084     99.6       0.
     120   23.915    0.097    116.7       0.
     121   25.131    0.108    135.2       0.
     122   26.231    0.121    155.3       0.
     123   27.543    0.137    179.3       0.
     124   28.911    0.160    207.6       0.
     125   30.311    0.181    238.7       0.
     126   31.617    0.207    275.4       0.
     127   32.532    0.232    301.5       0.
     128   33.284    0.274    346.2       0.
     129   34.365    0.311    403.5       0.
     130   35.407    0.339    468.4       0.
     131   36.568    0.382    531.7       0.
     132   37.796    0.439    610.0       0.
     133   39.224    0.486    704.6       0.
     134   40.259    0.529    752.7       0.
     135   41.319    0.579    828.7       0.
     136   42.401    0.612    868.8       0.
     137   43.407    0.675    976.0       0.
     138   44.589    0.735   1051.6       0.
     139   45.795    0.785   1119.8       0.
     140   46.737    0.846   1210.3       0.
     141   47.861    0.913   1351.3       0.
     142   49.130    0.979   1485.1       0.
     143   50.381    0.973   1615.7       0.
     144   51.889    0.967   1763.1       0.
     145   53.357    0.961   1941.3       0.
     146   54.926    0.955   2113.2       0.
     147   56.616    0.948   2270.0       0.
     148   58.190    0.942   2478.3       0.
     149   59.719    0.936   2686.3       0.
     150   61.482    0.928   2856.6       0.
     151   63.526    0.919   3028.7       0.
     152   65.663    0.912   3190.1       0.
     153   67.553    0.905   3393.2       0.
     154   69.236    0.899   3539.6       0.
     155   70.776    0.893   3672.4       0.
     156   72.455    0.886   3781.1       0.
     157   74.032    0.879   3959.4       0.
     158   75.690    0.874   4168.6       0.
     159   77.301    0.867   4379.3       0.
     160   79.152    0.860   4594.3       0.
     161   81.116    0.854   4789.6       0.
     162   82.935    0.848   5008.8       0.
     163   84.681    0.841   5236.6      15.
     164   86.465    0.836   5465.3      52.
     165   88.027    0.830   5690.9     110.
     166   89.580    0.824   5903.4     197.
     167   91.285    0.819   6117.5     306.
     168   92.939    0.812   6337.6     449.
     169   94.719    0.806   6545.1     631.
     170   96.622    0.799   6763.7     834.
     171   98.429    0.794   6945.3    1043.
     172  100.000    0.791   7116.1    1301.
     173  100.000    0.791   7282.2    1550.
     174  100.000    0.789   7419.8    1803.
     175  100.000    0.786   7523.4    2073.
     176  100.000    0.780   7606.5    2357.
     177  100.000    0.774   7669.8    2650.
     178  100.000    0.766   7707.3    2960.
     179  100.000    0.758   7736.0    3265.
     180  100.000    0.749   7752.6    3577.
     181  100.000    0.740   7766.8    3890.
     182  100.000    0.730   7774.9    4210.
     183  100.000    0.721   7779.3    4522.
     184  100.000    0.711   7780.3    4838.
     185  100.000    0.700   7780.4    5157.
     186  100.000    0.669   7780.4    5379.
     187  100.000    0.639   7780.5    5392.
     188  100.000    0.611   7780.9    5404.
     189  100.000    0.584   7783.9    5419.
     190  100.000    0.559   7793.1    5439.
     191  100.000    0.535   7801.0    5457.
     192  100.000    0.512   7810.0    5476.
     193  100.000    0.490   7822.0    5498.
     194  100.000    0.470   7835.5    5520.
     195  100.000    0.440   7845.6    5539.
     196  100.000    0.391   7860.3    5566.
     197  100.000    0.323   7871.0    5597.
     198  100.000    0.236   7875.8    5629.
     199  100.000    0.133   7877.4    5667.
     200  100.000    0.017   7877.7    5709.
     201  100.000    0.000   7877.7    5757.
     202  100.000    0.000   7877.8    5764.
     203  100.000    0.000   7877.8    5764.
     204  100.000    0.000   7877.8    5764.
     205  100.000    0.000   7877.8    5764.
     206  100.000    0.000   7877.8    5764.
     207  100.000    0.000   7877.8    5764.
     208  100.000    0.000   7877.8    5764.
     209  100.000    0.000   7877.8    5764.
     210  100.000    0.000   7877.8    5764.
